    8.238662    0.000000   98.329003    0.000001   97.355728    0.000000   -0.000000    0.000000
    8.238662    0.000000   98.329003    0.000001   97.355728    0.000000   -0.000000    0.000000
    8.238662    0.000000   98.329003    0.000001   97.355728    0.000000   -0.000000    0.000000
    8.238662    0.000000   98.329003    0.000001   97.355728    0.000000   -0.000000    0.000000
    8.238662    0.000000   98.329003    0.000001   97.355728    0.000000   -0.000000    0.000000
    8.238662    0.000000   98.329003    0.000001   97.355728    0.000000   -0.000000    0.000000
    8.238662    0.000000   98.329003    0.000001   97.355728    0.000000   -0.000000    0.000000
   99.999995    0.000000   92.156315    0.000001   85.665357   -0.001852    0.349066    0.000009
   99.999995    0.000000   92.156315    0.000001   85.665357   -0.001852    0.349066    0.000009
   99.999995    0.000000   92.156315    0.000001   85.665357   -0.001852    0.349066    0.000009
   99.999995    0.000000   92.156315    0.000001   85.665357   -0.001852    0.349066    0.000009
   99.999995    0.000000   92.156315    0.000001   85.665357   -0.001852    0.349066    0.000009
   99.999995    0.000000   92.156315    0.000001   85.665357   -0.001852    0.349066    0.000009
   99.999995    0.000000   92.156315    0.000001   85.665357   -0.001852    0.349066    0.000009
   99.999999    0.000000   96.053259    0.000001   90.758581   -0.003704    0.349066    0.000018
   99.999999    0.000000   96.053259    0.000001   90.758581   -0.003704    0.349066    0.000018
   99.999999    0.000000   96.053259    0.000001   90.758581   -0.003704    0.349066    0.000018
   99.999999    0.000000   96.053259    0.000001   90.758581   -0.003704    0.349066    0.000018
   99.999999    0.000000   96.053259    0.000001   90.758581   -0.003704    0.349066    0.000018
   99.999999    0.000000   96.053259    0.000001   90.758581   -0.003704    0.349066    0.000018
   99.999999    0.000000   96.053259    0.000001   90.758581   -0.003704    0.349066    0.000018
  100.000000    0.000000   87.433666    0.000000   86.403418   -0.005556    0.349066    0.000028
  100.000000    0.000000   87.433666    0.000000   86.403418   -0.005556    0.349066    0.000028
  100.000000    0.000000   87.433666    0.000000   86.403418   -0.005556    0.349066    0.000028
  100.000000    0.000000   87.433666    0.000000   86.403418   -0.005556    0.349066    0.000028
  100.000000    0.000000   87.433666    0.000000   86.403418   -0.005556    0.349066    0.000028
  100.000000    0.000000   87.433666    0.000000   86.403418   -0.005556    0.349066    0.000028
  100.000000    0.000000   87.433666    0.000000   86.403418   -0.005556    0.349066    0.000028
  100.000000    0.000000   99.999999    0.000000   80.461670   -0.007408    0.349066    0.000037
  100.000000    0.000000   99.999999    0.000000   80.461670   -0.007408    0.349066    0.000037
  100.000000    0.000000   99.999999    0.000000   80.461670   -0.007408    0.349066    0.000037
  100.000000    0.000000   99.999999    0.000000   80.461670   -0.007408    0.349066    0.000037
  100.000000    0.000000   99.999999    0.000000   80.461670   -0.007408    0.349066    0.000037
  100.000000    0.000000   99.999999    0.000000   80.461670   -0.007408    0.349066    0.000037
  100.000000    0.000000   99.999999    0.000000   80.461670   -0.007408    0.349066    0.000037
   99.999996    0.000000  100.000000    0.000001   96.193854   -0.009261    0.349066    0.000046
   99.999996    0.000000  100.000000    0.000001   96.193854   -0.009261    0.349066    0.000046
   99.999996    0.000000  100.000000    0.000001   96.193854   -0.009261    0.349066    0.000046
   99.999996    0.000000  100.000000    0.000001   96.193854   -0.009261    0.349066    0.000046
   99.999996    0.000000  100.000000    0.000001   96.193854   -0.009261    0.349066    0.000046
   99.999996    0.000000  100.000000    0.000001   96.193854   -0.009261    0.349066    0.000046
   99.999996    0.000000  100.000000    0.000001   96.193854   -0.009261    0.349066    0.000046
   61.575171    0.000000  100.000000    0.000001   94.566951   -0.011113    0.349066    0.000055
   61.575171    0.000000  100.000000    0.000001   94.566951   -0.011113    0.349066    0.000055
   61.575171    0.000000  100.000000    0.000001   94.566951   -0.011113    0.349066    0.000055
   61.575171    0.000000  100.000000    0.000001   94.566951   -0.011113    0.349066    0.000055
   61.575171    0.000000  100.000000    0.000001   94.566951   -0.011113    0.349066    0.000055
   61.575171    0.000000  100.000000    0.000001   94.566951   -0.011113    0.349066    0.000055
   61.575171    0.000000  100.000000    0.000001   94.566951   -0.011113    0.349066    0.000055
    0.000004    0.000000   98.785075    0.000001   94.802693   -0.012965    0.349066    0.000064
    0.000004    0.000000   98.785075    0.000001   94.802693   -0.012965    0.349066    0.000064
    0.000004    0.000000   98.785075    0.000001   94.802693   -0.012965    0.349066    0.000064
    0.000004    0.000000   98.785075    0.000001   94.802693   -0.012965    0.349066    0.000064
    0.000004    0.000000   98.785075    0.000001   94.802693   -0.012965    0.349066    0.000064
    0.000004    0.000000   98.785075    0.000001   94.802693   -0.012965    0.349066    0.000064
    0.000004    0.000000   98.785075    0.000001   94.802693   -0.012965    0.349066    0.000064
   81.578139    0.000000   76.464014    0.000001   76.166832   -0.014817    0.349066    0.000074
   81.578139    0.000000   76.464014    0.000001   76.166832   -0.014817    0.349066    0.000074
   81.578139    0.000000   76.464014    0.000001   76.166832   -0.014817    0.349066    0.000074
   81.578139    0.000000   76.464014    0.000001   76.166832   -0.014817    0.349066    0.000074
   81.578139    0.000000   76.464014    0.000001   76.166832   -0.014817    0.349066    0.000074
   81.578139    0.000000   76.464014    0.000001   76.166832   -0.014817    0.349066    0.000074
   81.578139    0.000000   76.464014    0.000001   76.166832   -0.014817    0.349066    0.000074
   70.480468    0.000000   73.870932    0.000002   78.414758   -0.016669    0.135552    0.000083
   70.480468    0.000000   73.870932    0.000002   78.414758   -0.016669    0.135552    0.000083
   70.480468    0.000000   73.870932    0.000002   78.414758   -0.016669    0.135552    0.000083
   70.480468    0.000000   73.870932    0.000002   78.414758   -0.016669    0.135552    0.000083
   70.480468    0.000000   73.870932    0.000002   78.414758   -0.016669    0.135552    0.000083
   70.480468    0.000000   73.870932    0.000002   78.414758   -0.016669    0.135552    0.000083
   72.010143    0.000000   85.562103    0.000003   81.420248   -0.018521   -0.000789    0.000092
   72.010143    0.000000   85.562103    0.000003   81.420248   -0.018521   -0.000789    0.000092
   72.010143    0.000000   85.562103    0.000003   81.420248   -0.018521   -0.000789    0.000092
   72.010143    0.000000   85.562103    0.000003   81.420248   -0.018521   -0.000789    0.000092
   72.010143    0.000000   85.562103    0.000003   81.420248   -0.018521   -0.000789    0.000092
   72.010143    0.000000   85.562103    0.000003   81.420248   -0.018521   -0.000789    0.000092
   72.010143    0.000000   85.562103    0.000003   81.420248   -0.018521   -0.000789    0.000092
   64.413098    0.000000   69.654804    0.000002   77.230770   -0.020373   -0.000868    0.000101
   64.413098    0.000000   69.654804    0.000002   77.230770   -0.020373   -0.000868    0.000101
   64.413098    0.000000   69.654804    0.000002   77.230770   -0.020373   -0.000868    0.000101
   64.413098    0.000000   69.654804    0.000002   77.230770   -0.020373   -0.000868    0.000101
   64.413098    0.000000   69.654804    0.000002   77.230770   -0.020373   -0.000868    0.000101
   64.413098    0.000000   69.654804    0.000002   77.230770   -0.020373   -0.000868    0.000101
   64.413098    0.000000   69.654804    0.000002   77.230770   -0.020373   -0.000868    0.000101
   59.025301    0.000000   73.975124    0.000001   78.547101   -0.022225   -0.000946    0.000110
   59.025301    0.000000   73.975124    0.000001   78.547101   -0.022225   -0.000946    0.000110
   59.025301    0.000000   73.975124    0.000001   78.547101   -0.022225   -0.000946    0.000110
   59.025301    0.000000   73.975124    0.000001   78.547101   -0.022225   -0.000946    0.000110
   59.025301    0.000000   73.975124    0.000001   78.547101   -0.022225   -0.000946    0.000110
   59.025301    0.000000   73.975124    0.000001   78.547101   -0.022225   -0.000946    0.000110
   59.025301    0.000000   73.975124    0.000001   78.547101   -0.022225   -0.000946    0.000110
   75.802261    0.000000   70.381948    0.000001   72.963347   -0.024078   -0.001025    0.000119
   75.802261    0.000000   70.381948    0.000001   72.963347   -0.024078   -0.001025    0.000119
   75.802261    0.000000   70.381948    0.000001   72.963347   -0.024078   -0.001025    0.000119
   75.802261    0.000000   70.381948    0.000001   72.963347   -0.024078   -0.001025    0.000119
   75.802261    0.000000   70.381948    0.000001   72.963347   -0.024078   -0.001025    0.000119
   75.802261    0.000000   70.381948    0.000001   72.963347   -0.024078   -0.001025    0.000119
   75.802261    0.000000   70.381948    0.000001   72.963347   -0.024078   -0.001025    0.000119
   89.208977    0.000000   73.778887    0.000001   56.139338   -0.025930   -0.001104    0.000129
   89.208977    0.000000   73.778887    0.000001   56.139338   -0.025930   -0.001104    0.000129
   89.208977    0.000000   73.778887    0.000001   56.139338   -0.025930   -0.001104    0.000129
   89.208977    0.000000   73.778887    0.000001   56.139338   -0.025930   -0.001104    0.000129
   89.208977    0.000000   73.778887    0.000001   56.139338   -0.025930   -0.001104    0.000129
   89.208977    0.000000   73.778887    0.000001   56.139338   -0.025930   -0.001104    0.000129
   89.208977    0.000000   73.778887    0.000001   56.139338   -0.025930   -0.001104    0.000129
   87.497034    0.000000   70.201637    0.000001   56.087975   -0.027782   -0.001183    0.000138
   87.497034    0.000000   70.201637    0.000001   56.087975   -0.027782   -0.001183    0.000138
   87.497034    0.000000   70.201637    0.000001   56.087975   -0.027782   -0.001183    0.000138
   87.497034    0.000000   70.201637    0.000001   56.087975   -0.027782   -0.001183    0.000138
   87.497034    0.000000   70.201637    0.000001   56.087975   -0.027782   -0.001183    0.000138
   87.497034    0.000000   70.201637    0.000001   56.087975   -0.027782   -0.001183    0.000138
   87.497034    0.000000   70.201637    0.000001   56.087975   -0.027782   -0.001183    0.000138
   89.034426    0.000000   77.708297    0.000001   68.406587   -0.029634   -0.001262    0.000147
   89.034426    0.000000   77.708297    0.000001   68.406587   -0.029634   -0.001262    0.000147
   89.034426    0.000000   77.708297    0.000001   68.406587   -0.029634   -0.001262    0.000147
   89.034426    0.000000   77.708297    0.000001   68.406587   -0.029634   -0.001262    0.000147
   89.034426    0.000000   77.708297    0.000001   68.406587   -0.029634   -0.001262    0.000147
   89.034426    0.000000   77.708297    0.000001   68.406587   -0.029634   -0.001262    0.000147
   89.034426    0.000000   77.708297    0.000001   68.406587   -0.029634   -0.001262    0.000147
   89.465140    0.000000   69.050990    0.000001   59.462815   -0.031486   -0.001341    0.000156
   89.465140    0.000000   69.050990    0.000001   59.462815   -0.031486   -0.001341    0.000156
   89.465140    0.000000   69.050990    0.000001   59.462815   -0.031486   -0.001341    0.000156
   89.465140    0.000000   69.050990    0.000001   59.462815   -0.031486   -0.001341    0.000156
   89.465140    0.000000   69.050990    0.000001   59.462815   -0.031486   -0.001341    0.000156
   89.465140    0.000000   69.050990    0.000001   59.462815   -0.031486   -0.001341    0.000156
   89.465140    0.000000   69.050990    0.000001   59.462815   -0.031486   -0.001341    0.000156
   89.577216    0.000000   84.298823    0.000001   73.924010   -0.033338   -0.001419    0.000165
   89.577216    0.000000   84.298823    0.000001   73.924010   -0.033338   -0.001419    0.000165
   89.577216    0.000000   84.298823    0.000001   73.924010   -0.033338   -0.001419    0.000165
   89.577216    0.000000   84.298823    0.000001   73.924010   -0.033338   -0.001419    0.000165
   89.577216    0.000000   84.298823    0.000001   73.924010   -0.033338   -0.001419    0.000165
   89.577216    0.000000   84.298823    0.000001   73.924010   -0.033338   -0.001419    0.000165
   89.577216    0.000000   84.298823    0.000001   73.924010   -0.033338   -0.001419    0.000165
   87.235358    0.000000   69.741823    0.000001   57.509930   -0.035190   -0.001498    0.000175
   87.235358    0.000000   69.741823    0.000001   57.509930   -0.035190   -0.001498    0.000175
   87.235358    0.000000   69.741823    0.000001   57.509930   -0.035190   -0.001498    0.000175
   87.235358    0.000000   69.741823    0.000001   57.509930   -0.035190   -0.001498    0.000175
   87.235358    0.000000   69.741823    0.000001   57.509930   -0.035190   -0.001498    0.000175
   87.235358    0.000000   69.741823    0.000001   57.509930   -0.035190   -0.001498    0.000175
   85.051629    0.000000   88.882050    0.000001   82.516359   -0.037042   -0.000557    0.000184
   85.051629    0.000000   88.882050    0.000001   82.516359   -0.037042   -0.000557    0.000184
   85.051629    0.000000   88.882050    0.000001   82.516359   -0.037042   -0.000557    0.000184
   85.051629    0.000000   88.882050    0.000001   82.516359   -0.037042   -0.000557    0.000184
   85.051629    0.000000   88.882050    0.000001   82.516359   -0.037042   -0.000557    0.000184
   85.051629    0.000000   88.882050    0.000001   82.516359   -0.037042   -0.000557    0.000184
   85.051629    0.000000   88.882050    0.000001   82.516359   -0.037042   -0.000557    0.000184
   85.151457    0.000000   72.609880    0.000001   67.275795   -0.038894    0.005375    0.000193
   85.151457    0.000000   72.609880    0.000001   67.275795   -0.038894    0.005375    0.000193
   85.151457    0.000000   72.609880    0.000001   67.275795   -0.038894    0.005375    0.000193
   85.151457    0.000000   72.609880    0.000001   67.275795   -0.038894    0.005375    0.000193
   85.151457    0.000000   72.609880    0.000001   67.275795   -0.038894    0.005375    0.000193
   85.151457    0.000000   72.609880    0.000001   67.275795   -0.038894    0.005375    0.000193
   85.151457    0.000000   72.609880    0.000001   67.275795   -0.038894    0.005375    0.000193
   88.897367    0.000000   72.755383    0.000001   64.520571   -0.040746   -0.001735    0.000202
   88.897367    0.000000   72.755383    0.000001   64.520571   -0.040746   -0.001735    0.000202
   88.897367    0.000000   72.755383    0.000001   64.520571   -0.040746   -0.001735    0.000202
   88.897367    0.000000   72.755383    0.000001   64.520571   -0.040746   -0.001735    0.000202
   88.897367    0.000000   72.755383    0.000001   64.520571   -0.040746   -0.001735    0.000202
   88.897367    0.000000   72.755383    0.000001   64.520571   -0.040746   -0.001735    0.000202
   88.897367    0.000000   72.755383    0.000001   64.520571   -0.040746   -0.001735    0.000202
   90.504723    0.000000   99.999998    0.000000   99.572834   -0.042598   -0.001814    0.000211
   90.504723    0.000000   99.999998    0.000000   99.572834   -0.042598   -0.001814    0.000211
   90.504723    0.000000   99.999998    0.000000   99.572834   -0.042598   -0.001814    0.000211
   90.504723    0.000000   99.999998    0.000000   99.572834   -0.042598   -0.001814    0.000211
   90.504723    0.000000   99.999998    0.000000   99.572834   -0.042598   -0.001814    0.000211
   90.504723    0.000000   99.999998    0.000000   99.572834   -0.042598   -0.001814    0.000211
   90.504723    0.000000   99.999998    0.000000   99.572834   -0.042598   -0.001814    0.000211
   88.625152    0.000000   73.395325    0.000001   65.596300   -0.044451    0.005033    0.000220
   88.625152    0.000000   73.395325    0.000001   65.596300   -0.044451    0.005033    0.000220
   88.625152    0.000000   73.395325    0.000001   65.596300   -0.044451    0.005033    0.000220
   88.625152    0.000000   73.395325    0.000001   65.596300   -0.044451    0.005033    0.000220
   88.625152    0.000000   73.395325    0.000001   65.596300   -0.044451    0.005033    0.000220
   88.625152    0.000000   73.395325    0.000001   65.596300   -0.044451    0.005033    0.000220
   88.625152    0.000000   73.395325    0.000001   65.596300   -0.044451    0.005033    0.000220
   91.728377    0.000000   67.947496    0.000001   63.214300   -0.046303    0.002846    0.000230
   91.728377    0.000000   67.947496    0.000001   63.214300   -0.046303    0.002846    0.000230
   91.728377    0.000000   67.947496    0.000001   63.214300   -0.046303    0.002846    0.000230
   91.728377    0.000000   67.947496    0.000001   63.214300   -0.046303    0.002846    0.000230
   91.728377    0.000000   67.947496    0.000001   63.214300   -0.046303    0.002846    0.000230
   91.728377    0.000000   67.947496    0.000001   63.214300   -0.046303    0.002846    0.000230
   91.728377    0.000000   67.947496    0.000001   63.214300   -0.046303    0.002846    0.000230
   92.424202    0.000000   67.570528    0.000002   65.498327   -0.048155    0.003053    0.000239
   92.424202    0.000000   67.570528    0.000002   65.498327   -0.048155    0.003053    0.000239
   92.424202    0.000000   67.570528    0.000002   65.498327   -0.048155    0.003053    0.000239
   92.424202    0.000000   67.570528    0.000002   65.498327   -0.048155    0.003053    0.000239
   92.424202    0.000000   67.570528    0.000002   65.498327   -0.048155    0.003053    0.000239
   92.424202    0.000000   67.570528    0.000002   65.498327   -0.048155    0.003053    0.000239
   92.424202    0.000000   67.570528    0.000002   65.498327   -0.048155    0.003053    0.000239
   97.218900    0.000000   65.232998    0.000002   65.394756   -0.050008    0.002902    0.000248
   97.218900    0.000000   65.232998    0.000002   65.394756   -0.050008    0.002902    0.000248
   97.218900    0.000000   65.232998    0.000002   65.394756   -0.050008    0.002902    0.000248
   97.218900    0.000000   65.232998    0.000002   65.394756   -0.050008    0.002902    0.000248
   97.218900    0.000000   65.232998    0.000002   65.394756   -0.050008    0.002902    0.000248
   97.218900    0.000000   65.232998    0.000002   65.394756   -0.050008    0.002902    0.000248
   97.218900    0.000000   65.232998    0.000002   65.394756   -0.050008    0.002902    0.000248
   95.466376    0.000000   63.018315    0.000002   59.731234   -0.051859    0.063193    0.000257
   95.466376    0.000000   63.018315    0.000002   59.731234   -0.051859    0.063193    0.000257
   95.466376    0.000000   63.018315    0.000002   59.731234   -0.051859    0.063193    0.000257
   95.466376    0.000000   63.018315    0.000002   59.731234   -0.051859    0.063193    0.000257
   95.466376    0.000000   63.018315    0.000002   59.731234   -0.051859    0.063193    0.000257
   95.466376    0.000000   63.018315    0.000002   59.731234   -0.051859    0.063193    0.000257
   95.466376    0.000000   63.018315    0.000002   59.731234   -0.051859    0.063193    0.000257
   95.615638    0.000000   61.883058    0.000002   55.437282   -0.053711    0.060840    0.000266
   95.615638    0.000000   61.883058    0.000002   55.437282   -0.053711    0.060840    0.000266
   95.615638    0.000000   61.883058    0.000002   55.437282   -0.053711    0.060840    0.000266
   95.615638    0.000000   61.883058    0.000002   55.437282   -0.053711    0.060840    0.000266
   95.615638    0.000000   61.883058    0.000002   55.437282   -0.053711    0.060840    0.000266
   95.615638    0.000000   61.883058    0.000002   55.437282   -0.053711    0.060840    0.000266
   93.539440    0.000000   60.820119    0.159158   59.574381   -0.055563    0.017642    0.000276
   93.539440    0.000000   60.820119    0.159158   59.574381   -0.055563    0.017642    0.000276
   93.539440    0.000000   60.820119    0.159158   59.574381   -0.055563    0.017642    0.000276
   93.539440    0.000000   60.820119    0.159158   59.574381   -0.055563    0.017642    0.000276
   93.539440    0.000000   60.820119    0.159158   59.574381   -0.055563    0.017642    0.000276
   93.539440    0.000000   60.820119    0.159158   59.574381   -0.055563    0.017642    0.000276
   93.539440    0.000000   60.820119    0.159158   59.574381   -0.055563    0.017642    0.000276
   98.986192    0.000000   59.050756    0.132369   61.484558   -0.057415    0.010991    0.000285
   98.986192    0.000000   59.050756    0.132369   61.484558   -0.057415    0.010991    0.000285
   98.986192    0.000000   59.050756    0.132369   61.484558   -0.057415    0.010991    0.000285
   98.986192    0.000000   59.050756    0.132369   61.484558   -0.057415    0.010991    0.000285
   98.986192    0.000000   59.050756    0.132369   61.484558   -0.057415    0.010991    0.000285
   98.986192    0.000000   59.050756    0.132369   61.484558   -0.057415    0.010991    0.000285
   98.986192    0.000000   59.050756    0.132369   61.484558   -0.057415    0.010991    0.000285
   98.768785    0.000000   61.184153    0.252302   63.984104   -0.059267    0.010719   -0.152022
   98.768785    0.000000   61.184153    0.252302   63.984104   -0.059267    0.010719   -0.152022
   98.768785    0.000000   61.184153    0.252302   63.984104   -0.059267    0.010719   -0.152022
   98.768785    0.000000   61.184153    0.252302   63.984104   -0.059267    0.010719   -0.152022
   98.768785    0.000000   61.184153    0.252302   63.984104   -0.059267    0.010719   -0.152022
   98.768785    0.000000   61.184153    0.252302   63.984104   -0.059267    0.010719   -0.152022
   98.768785    0.000000   61.184153    0.252302   63.984104   -0.059267    0.010719   -0.152022
   99.824234    0.000000   55.699259    0.256672   49.077927   -0.061119    0.028975    0.000303
   99.824234    0.000000   55.699259    0.256672   49.077927   -0.061119    0.028975    0.000303
   99.824234    0.000000   55.699259    0.256672   49.077927   -0.061119    0.028975    0.000303
   99.824234    0.000000   55.699259    0.256672   49.077927   -0.061119    0.028975    0.000303
   99.824234    0.000000   55.699259    0.256672   49.077927   -0.061119    0.028975    0.000303
   99.824234    0.000000   55.699259    0.256672   49.077927   -0.061119    0.028975    0.000303
   99.824234    0.000000   55.699259    0.256672   49.077927   -0.061119    0.028975    0.000303
   99.999995    0.000000   57.333507    0.000001   47.890172   -0.062972    0.025227    0.000312
   99.999995    0.000000   57.333507    0.000001   47.890172   -0.062972    0.025227    0.000312
   99.999995    0.000000   57.333507    0.000001   47.890172   -0.062972    0.025227    0.000312
   99.999995    0.000000   57.333507    0.000001   47.890172   -0.062972    0.025227    0.000312
   99.999995    0.000000   57.333507    0.000001   47.890172   -0.062972    0.025227    0.000312
   99.999995    0.000000   57.333507    0.000001   47.890172   -0.062972    0.025227    0.000312
   99.999995    0.000000   57.333507    0.000001   47.890172   -0.062972    0.025227    0.000312
   99.999995    0.000000   57.977935    0.000000   47.113709   -0.064824    0.007563    0.000321
   99.999995    0.000000   57.977935    0.000000   47.113709   -0.064824    0.007563    0.000321
   99.999995    0.000000   57.977935    0.000000   47.113709   -0.064824    0.007563    0.000321
   99.999995    0.000000   57.977935    0.000000   47.113709   -0.064824    0.007563    0.000321
   99.999995    0.000000   57.977935    0.000000   47.113709   -0.064824    0.007563    0.000321
   99.999995    0.000000   57.977935    0.000000   47.113709   -0.064824    0.007563    0.000321
   99.999995    0.000000   57.977935    0.000000   47.113709   -0.064824    0.007563    0.000321
   99.999997    0.000000   52.090149    0.000001   43.996927   -0.066676   -0.001108    0.000331
   99.999997    0.000000   52.090149    0.000001   43.996927   -0.066676   -0.001108    0.000331
   99.999997    0.000000   52.090149    0.000001   43.996927   -0.066676   -0.001108    0.000331
   99.999997    0.000000   52.090149    0.000001   43.996927   -0.066676   -0.001108    0.000331
   99.999997    0.000000   52.090149    0.000001   43.996927   -0.066676   -0.001108    0.000331
   99.999997    0.000000   52.090149    0.000001   43.996927   -0.066676   -0.001108    0.000331
   99.999997    0.000000   52.090149    0.000001   43.996927   -0.066676   -0.001108    0.000331
   99.999998    0.000000   49.003005    0.000000   43.979611   -0.068528    0.000370   -0.147838
   99.999998    0.000000   49.003005    0.000000   43.979611   -0.068528    0.000370   -0.147838
   99.999998    0.000000   49.003005    0.000000   43.979611   -0.068528    0.000370   -0.147838
   99.999998    0.000000   49.003005    0.000000   43.979611   -0.068528    0.000370   -0.147838
   99.999998    0.000000   49.003005    0.000000   43.979611   -0.068528    0.000370   -0.147838
   99.999998    0.000000   49.003005    0.000000   43.979611   -0.068528    0.000370   -0.147838
   99.999998    0.000000   49.003005    0.000000   43.979611   -0.068528    0.000370   -0.147838
   99.999999    0.000000   48.953925    0.000001   42.898021   -0.070746   -0.015998    0.000349
   99.999999    0.000000   48.953925    0.000001   42.898021   -0.070746   -0.015998    0.000349
   99.999999    0.000000   48.953925    0.000001   42.898021   -0.070746   -0.015998    0.000349
   99.999999    0.000000   48.953925    0.000001   42.898021   -0.070746   -0.015998    0.000349
   99.999999    0.000000   48.953925    0.000001   42.898021   -0.070746   -0.015998    0.000349
   99.999999    0.000000   48.953925    0.000001   42.898021   -0.070746   -0.015998    0.000349
   99.999999    0.000000   47.491476    0.000000   41.816403   -0.072180   -0.019010   -0.040163
   99.999999    0.000000   47.491476    0.000000   41.816403   -0.072180   -0.019010   -0.040163
   99.999999    0.000000   47.491476    0.000000   41.816403   -0.072180   -0.019010   -0.040163
   99.999999    0.000000   47.491476    0.000000   41.816403   -0.072180   -0.019010   -0.040163
   99.999999    0.000000   47.491476    0.000000   41.816403   -0.072180   -0.019010   -0.040163
   99.999999    0.000000   47.491476    0.000000   41.816403   -0.072180   -0.019010   -0.040163
   99.999999    0.000000   47.491476    0.000000   41.816403   -0.072180   -0.019010   -0.040163
   99.999999    0.000000   44.832387    0.000001   40.734402   -0.065974   -0.023350   -0.022384
   99.999999    0.000000   44.832387    0.000001   40.734402   -0.065974   -0.023350   -0.022384
   99.999999    0.000000   44.832387    0.000001   40.734402   -0.065974   -0.023350   -0.022384
   99.999999    0.000000   44.832387    0.000001   40.734402   -0.065974   -0.023350   -0.022384
   99.999999    0.000000   44.832387    0.000001   40.734402   -0.065974   -0.023350   -0.022384
   99.999999    0.000000   44.832387    0.000001   40.734402   -0.065974   -0.023350   -0.022384
   99.999999    0.000000   44.832387    0.000001   40.734402   -0.065974   -0.023350   -0.022384
  100.000000    0.000000   42.493386   -0.000000   39.653138   -0.073372   -0.012590    0.006053
  100.000000    0.000000   42.493386   -0.000000   39.653138   -0.073372   -0.012590    0.006053
  100.000000    0.000000   42.493386   -0.000000   39.653138   -0.073372   -0.012590    0.006053
  100.000000    0.000000   42.493386   -0.000000   39.653138   -0.073372   -0.012590    0.006053
  100.000000    0.000000   42.493386   -0.000000   39.653138   -0.073372   -0.012590    0.006053
  100.000000    0.000000   42.493386   -0.000000   39.653138   -0.073372   -0.012590    0.006053
  100.000000    0.000000   42.493386   -0.000000   39.653138   -0.073372   -0.012590    0.006053
   99.999999    0.000000   37.948078    0.000001   38.571388   -0.087361   -0.034407    0.014444
   99.999999    0.000000   37.948078    0.000001   38.571388   -0.087361   -0.034407    0.014444
   99.999999    0.000000   37.948078    0.000001   38.571388   -0.087361   -0.034407    0.014444
   99.999999    0.000000   37.948078    0.000001   38.571388   -0.087361   -0.034407    0.014444
   99.999999    0.000000   37.948078    0.000001   38.571388   -0.087361   -0.034407    0.014444
   99.999999    0.000000   37.948078    0.000001   38.571388   -0.087361   -0.034407    0.014444
   99.999999    0.000000   37.948078    0.000001   38.571388   -0.087361   -0.034407    0.014444
   99.999999    0.000000   36.585211    0.000002   37.489444   -0.087120   -0.034959    0.003647
   99.999999    0.000000   36.585211    0.000002   37.489444   -0.087120   -0.034959    0.003647
   99.999999    0.000000   36.585211    0.000002   37.489444   -0.087120   -0.034959    0.003647
   99.999999    0.000000   36.585211    0.000002   37.489444   -0.087120   -0.034959    0.003647
   99.999999    0.000000   36.585211    0.000002   37.489444   -0.087120   -0.034959    0.003647
   99.999999    0.000000   36.585211    0.000002   37.489444   -0.087120   -0.034959    0.003647
   99.999999    0.000000   36.585211    0.000002   37.489444   -0.087120   -0.034959    0.003647
   99.999998    0.000000   35.490818    0.000002   36.407588   -0.088710   -0.035190    0.000404
   99.999998    0.000000   35.490818    0.000002   36.407588   -0.088710   -0.035190    0.000404
   99.999998    0.000000   35.490818    0.000002   36.407588   -0.088710   -0.035190    0.000404
   99.999998    0.000000   35.490818    0.000002   36.407588   -0.088710   -0.035190    0.000404
   99.999998    0.000000   35.490818    0.000002   36.407588   -0.088710   -0.035190    0.000404
   99.999998    0.000000   35.490818    0.000002   36.407588   -0.088710   -0.035190    0.000404
   99.999998    0.000000   35.490818    0.000002   36.407588   -0.088710   -0.035190    0.000404
   99.999999    0.000000   34.796847    0.000001   35.326165   -0.092582   -0.032301    0.000725
   99.999999    0.000000   34.796847    0.000001   35.326165   -0.092582   -0.032301    0.000725
   99.999999    0.000000   34.796847    0.000001   35.326165   -0.092582   -0.032301    0.000725
   99.999999    0.000000   34.796847    0.000001   35.326165   -0.092582   -0.032301    0.000725
   99.999999    0.000000   34.796847    0.000001   35.326165   -0.092582   -0.032301    0.000725
   99.999999    0.000000   34.796847    0.000001   35.326165   -0.092582   -0.032301    0.000725
   99.999999    0.000000   34.796847    0.000001   35.326165   -0.092582   -0.032301    0.000725
  100.000000    0.000000   33.773582    0.000000   34.244976   -0.094973   -0.029660    0.001274
  100.000000    0.000000   33.773582    0.000000   34.244976   -0.094973   -0.029660    0.001274
  100.000000    0.000000   33.773582    0.000000   34.244976   -0.094973   -0.029660    0.001274
  100.000000    0.000000   33.773582    0.000000   34.244976   -0.094973   -0.029660    0.001274
  100.000000    0.000000   33.773582    0.000000   34.244976   -0.094973   -0.029660    0.001274
  100.000000    0.000000   33.773582    0.000000   34.244976   -0.094973   -0.029660    0.001274
  100.000000    0.000000   33.773582    0.000000   34.244976   -0.094973   -0.029660    0.001274
   99.999999    0.000000   33.561184    0.000001   33.165030   -0.108434   -0.022183    0.001596
   99.999999    0.000000   33.561184    0.000001   33.165030   -0.108434   -0.022183    0.001596
   99.999999    0.000000   33.561184    0.000001   33.165030   -0.108434   -0.022183    0.001596
   99.999999    0.000000   33.561184    0.000001   33.165030   -0.108434   -0.022183    0.001596
   99.999999    0.000000   33.561184    0.000001   33.165030   -0.108434   -0.022183    0.001596
   99.999999    0.000000   33.561184    0.000001   33.165030   -0.108434   -0.022183    0.001596
   99.999999    0.000000   33.561184    0.000001   33.165030   -0.108434   -0.022183    0.001596
   59.366995    0.000000   30.835986   -0.000001   35.065461   -0.098935   -0.021407    0.005877
   59.366995    0.000000   30.835986   -0.000001   35.065461   -0.098935   -0.021407    0.005877
   59.366995    0.000000   30.835986   -0.000001   35.065461   -0.098935   -0.021407    0.005877
   59.366995    0.000000   30.835986   -0.000001   35.065461   -0.098935   -0.021407    0.005877
   59.366995    0.000000   30.835986   -0.000001   35.065461   -0.098935   -0.021407    0.005877
   59.366995    0.000000   30.835986   -0.000001   35.065461   -0.098935   -0.021407    0.005877
   59.366177    0.000000   30.629041    0.000000   35.186288   -0.099845   -0.021808    0.005963
   59.366177    0.000000   30.629041    0.000000   35.186288   -0.099845   -0.021808    0.005963
   59.366177    0.000000   30.629041    0.000000   35.186288   -0.099845   -0.021808    0.005963
   59.366177    0.000000   30.629041    0.000000   35.186288   -0.099845   -0.021808    0.005963
   59.366177    0.000000   30.629041    0.000000   35.186288   -0.099845   -0.021808    0.005963
   59.366177    0.000000   30.629041    0.000000   35.186288   -0.099845   -0.021808    0.005963
   59.366177    0.000000   30.629041    0.000000   35.186288   -0.099845   -0.021808    0.005963
   59.366177    0.000000   30.629041    0.000000   35.186288   -0.099845   -0.021808    0.005963
   59.366177    0.000000   30.629041    0.000000   35.186288   -0.099845   -0.021808    0.005963
   59.366177    0.000000   30.629041    0.000000   35.186288   -0.099845   -0.021808    0.005963
   59.366177    0.000000   30.629041    0.000000   35.186288   -0.099845   -0.021808    0.005963
   59.366177    0.000000   30.629041    0.000000   35.186288   -0.099845   -0.021808    0.005963
   59.366177    0.000000   30.629041    0.000000   35.186288   -0.099845   -0.021808    0.005963
   59.366177    0.000000   30.629041    0.000000   35.186288   -0.099845   -0.021808    0.005963
   59.366177    0.000000   30.629041    0.000000   35.186288   -0.099845   -0.021808    0.005963
   59.366177    0.000000   30.629041    0.000000   35.186288   -0.099845   -0.021808    0.005963
   59.366177    0.000000   30.629041    0.000000   35.186288   -0.099845   -0.021808    0.005963
   59.366177    0.000000   30.629041    0.000000   35.186288   -0.099845   -0.021808    0.005963
   59.366177    0.000000   30.629041    0.000000   35.186288   -0.099845   -0.021808    0.005963
   59.366177    0.000000   30.629041    0.000000   35.186288   -0.099845   -0.021808    0.005963
   59.366177    0.000000   30.629041    0.000000   35.186288   -0.099845   -0.021808    0.005963
   59.366177    0.000000   30.629041    0.000000   35.186288   -0.099845   -0.021808    0.005963
   59.366177    0.000000   30.629041    0.000000   35.186288   -0.099845   -0.021808    0.005963
   59.366177    0.000000   30.629041    0.000000   35.186288   -0.099845   -0.021808    0.005963
   59.366177    0.000000   30.629041    0.000000   35.186288   -0.099845   -0.021808    0.005963
   59.366177    0.000000   30.629041    0.000000   35.186288   -0.099845   -0.021808    0.005963
   59.366177    0.000000   30.629041    0.000000   35.186288   -0.099845   -0.021808    0.005963
   59.366177    0.000000   30.629041    0.000000   35.186288   -0.099845   -0.021808    0.005963
   59.366177    0.000000   30.629041    0.000000   35.186288   -0.099845   -0.021808    0.005963
   59.366177    0.000000   30.629041    0.000000   35.186288   -0.099845   -0.021808    0.005963
   59.366177    0.000000   30.629041    0.000000   35.186288   -0.099845   -0.021808    0.005963
   59.366177    0.000000   30.629041    0.000000   35.186288   -0.099845   -0.021808    0.005963
   59.366177    0.000000   30.629041    0.000000   35.186288   -0.099845   -0.021808    0.005963
   59.366177    0.000000   30.629041    0.000000   35.186288   -0.099845   -0.021808    0.005963
   59.366177    0.000000   30.629041    0.000000   35.186288   -0.099845   -0.021808    0.005963
