    0.298033    1.142015    0.092444    0.048632    0.054409    0.997333    1.005884   -0.919722    0.020096
    0.305658    1.132496    0.105253    0.057789    0.064418    0.996248    1.003753   -0.916072    0.006925
    0.314590    1.122373    0.114543    0.066892    0.074400    0.994982    1.001463   -0.912473   -0.006261
    0.324823    1.111881    0.120406    0.075937    0.084355    0.993537    0.998993   -0.908924   -0.019461
    0.336347    1.101228    0.123034    0.084919    0.094280    0.991917    0.996320   -0.905424   -0.032677
    0.349155    1.090590    0.122675    0.093836    0.104175    0.990122    0.993411   -0.901984   -0.045909
    0.363238    1.080113    0.119613    0.102684    0.114037    0.988155    0.990233   -0.898610   -0.059157
    0.378587    1.069908    0.114150    0.111459    0.123866    0.986019    0.986754   -0.895312   -0.072422
    0.426303    0.942527    0.144931    0.120124    0.133677    0.983717    0.987283   -0.884514   -0.083068
    0.480938    0.842379    0.159111    0.128637    0.143488    0.981255    0.987467   -0.873217   -0.093744
    0.540720    0.763949    0.165437    0.136989    0.153296    0.978638    0.987192   -0.861403   -0.104448
    0.604405    0.702248    0.167402    0.145174    0.163095    0.975870    0.986270   -0.849134   -0.115189
    0.671131    0.653328    0.166680    0.153185    0.172877    0.972958    0.984516   -0.836483   -0.125970
    0.740299    0.614212    0.164182    0.161014    0.182635    0.969906    0.981764   -0.823518   -0.136795
    0.811484    0.582688    0.160451    0.168658    0.192359    0.966722    0.977868   -0.810297   -0.147668
    0.883281    0.557802    0.145479    0.176127    0.202016    0.963414    0.968223   -0.800469   -0.160037
    0.956566    0.537369    0.131621    0.183434    0.211573    0.959993    0.956833   -0.790758   -0.172465
    1.031186    0.520522    0.118675    0.190579    0.221015    0.956468    0.943822   -0.781001   -0.184936
    1.107019    0.506592    0.106487    0.197556    0.230328    0.952848    0.929242   -0.771096   -0.197436
    1.183967    0.495062    0.094936    0.204362    0.239499    0.949144    0.913102   -0.760982   -0.209951
    1.261948    0.485524    0.083932    0.210994    0.248515    0.945368    0.895391   -0.750620   -0.222472
    1.340896    0.477653    0.073409    0.217448    0.257363    0.941530    0.876087   -0.739981   -0.234986
    1.421605    0.470948    0.072168    0.223798    0.265940    0.937651    0.836027   -0.745926   -0.246941
    1.503174    0.465506    0.070223    0.230120    0.274144    0.933750    0.794751   -0.751217   -0.258846
    1.585555    0.461126    0.067706    0.236405    0.281970    0.929841    0.752257   -0.755828   -0.270685
    1.668703    0.457642    0.064726    0.242647    0.289411    0.925938    0.708547   -0.759736   -0.282444
    1.752580    0.454917    0.061377    0.248838    0.296460    0.922057    0.663628   -0.762915   -0.294107
    1.837149    0.452837    0.057739    0.254970    0.303111    0.918212    0.617510   -0.765340   -0.305656
    1.922377    0.451307    0.053882    0.261037    0.309357    0.914416    0.570210   -0.766986   -0.317075
    2.007856    0.450322    0.046478    0.266720    0.315560    0.910649    0.603301   -0.698059   -0.324376
    2.093923    0.449756    0.039517    0.271706    0.322067    0.906889    0.633899   -0.629447   -0.331613
    2.180527    0.449582    0.032999    0.276003    0.328850    0.903149    0.661951   -0.561175   -0.338777
    2.267616    0.449779    0.026924    0.279617    0.335884    0.899441    0.687414   -0.493268   -0.345858
    2.355138    0.450325    0.021291    0.282555    0.343141    0.895776    0.710250   -0.425749   -0.352844
    2.443041    0.451203    0.016100    0.284825    0.350594    0.892164    0.730432   -0.358638   -0.359723
    2.531274    0.452393    0.011351    0.286434    0.358215    0.888615    0.747937   -0.291954   -0.366481
    2.619409    0.453899    0.001174    0.287633    0.365676    0.885182    0.693059   -0.282722   -0.379332
    2.707875    0.455660   -0.008297    0.288664    0.372663    0.881926    0.636582   -0.272866   -0.391852
    2.796627    0.457654   -0.017081    0.289525    0.379164    0.878868    0.578584   -0.262349   -0.404009
    2.885619    0.459859   -0.025193    0.290211    0.385169    0.876026    0.519149   -0.251134   -0.415773
    2.974804    0.462259   -0.032644    0.290721    0.390670    0.873417    0.458364   -0.239190   -0.427114
    3.064135    0.464834   -0.039443    0.291051    0.395656    0.871059    0.396323   -0.226485   -0.438002
    3.153564    0.467570   -0.045598    0.291200    0.400121    0.868968    0.333123   -0.212993   -0.448404
    3.211295    0.475458   -0.051183    0.291104    0.404141    0.867137    0.289369   -0.184384   -0.456862
    3.269174    0.483296   -0.056207    0.290706    0.407797    0.865558    0.245003   -0.155604   -0.464854
    3.327152    0.491086   -0.060664    0.290007    0.411083    0.864237    0.200088   -0.126643   -0.472362
    3.385176    0.498827   -0.064549    0.289012    0.413994    0.863180    0.154688   -0.097493   -0.479367
    3.443195    0.506519   -0.067856    0.287722    0.416523    0.862394    0.108868   -0.068149   -0.485851
    3.501157    0.514160   -0.070580    0.286141    0.418665    0.861882    0.062692   -0.038608   -0.491798
    3.559008    0.521749   -0.072716    0.284271    0.420416    0.861649    0.016227   -0.008870   -0.497192
    3.599624    0.532050   -0.074448    0.282121    0.421770    0.861694   -0.030396    0.019565   -0.501895
    3.640194    0.542273   -0.075610    0.279701    0.422724    0.862015   -0.076738    0.048051   -0.506044
    3.680666    0.552413   -0.076197    0.277015    0.423277    0.862611   -0.122759    0.076586   -0.509632
    3.720985    0.562467   -0.076202    0.274066    0.423429    0.863478   -0.168419    0.105163   -0.512654
    3.761098    0.572428   -0.075619    0.270859    0.423179    0.864612   -0.213678    0.133772   -0.515103
    3.800950    0.582290   -0.074443    0.267395    0.422524    0.866009   -0.258500    0.162402   -0.516979
    3.840487    0.592047   -0.072670    0.263678    0.421466    0.867663   -0.302845    0.191042   -0.518279
    3.908449    0.596808   -0.059067    0.259837    0.419888    0.869585   -0.371791    0.192784   -0.515290
    3.976121    0.601388   -0.045476    0.255998    0.417679    0.871784   -0.439759    0.195186   -0.511741
    4.043452    0.605760   -0.031886    0.252159    0.414842    0.874254   -0.506712    0.198197   -0.507637
    4.110392    0.609898   -0.018286    0.248320    0.411380    0.876985   -0.572615    0.201763   -0.502983
    4.176891    0.613777   -0.004666    0.244482    0.407297    0.879964   -0.637441    0.205828   -0.497789
    4.242903    0.617372    0.008980    0.240643    0.402597    0.883179   -0.701160    0.210332   -0.492068
    4.308381    0.620659    0.022657    0.236804    0.397282    0.886617   -0.763747    0.215215   -0.485831
    4.365675    0.624862    0.036360    0.233027    0.391441    0.890208   -0.805682    0.207492   -0.477654
    4.422405    0.628680    0.049919    0.229370    0.385166    0.893887   -0.846155    0.200245   -0.468972
    4.478544    0.632103    0.063340    0.225834    0.378468    0.897641   -0.885179    0.193427   -0.459804
    4.534066    0.635120    0.076623    0.222417    0.371355    0.901457   -0.922762    0.187000   -0.450167
    4.588947    0.637721    0.089774    0.219119    0.363837    0.905322   -0.958901    0.180933   -0.440081
    4.643164    0.639900    0.102797    0.215938    0.355925    0.909223   -0.993570    0.175222   -0.429564
    4.696367    0.641682    0.112704    0.212736    0.347893    0.913078   -0.968476    0.200847   -0.416354
    4.748751    0.643140    0.122445    0.209374    0.340010    0.916817   -0.943614    0.226124   -0.402844
    4.800314    0.644289    0.132032    0.205850    0.332278    0.920443   -0.918817    0.251189   -0.389043
    4.851057    0.645143    0.141484    0.202163    0.324699    0.923958   -0.893821    0.276270   -0.374953
    4.900988    0.645716    0.150823    0.198308    0.317280    0.927365   -0.868240    0.301697   -0.360570
    4.950118    0.646018    0.160080    0.194276    0.310030    0.930665   -0.841588    0.327892   -0.345885
    4.998462    0.646064    0.169286    0.190055    0.302965    0.933858   -0.813384    0.355279   -0.330891
    5.044089    0.646181    0.182261    0.185819    0.295906    0.936968   -0.824947    0.343930   -0.315772
    5.089156    0.645917    0.195109    0.181732    0.288693    0.940015   -0.832167    0.335558   -0.300224
    5.133647    0.645282    0.207795    0.177770    0.281363    0.942990   -0.836034    0.329349   -0.284333
    5.177537    0.644287    0.220278    0.173916    0.273944    0.945889   -0.837634    0.324397   -0.268190
    5.220806    0.642944    0.232534    0.170162    0.266455    0.948707   -0.837749    0.320050   -0.251866
    5.263440    0.641262    0.244550    0.166500    0.258910    0.951442   -0.836845    0.315922   -0.235410
    5.305432    0.639253    0.256322    0.162930    0.251318    0.954092   -0.835179    0.311800   -0.218859
    5.342875    0.637462    0.267247    0.159396    0.243746    0.956650   -0.821049    0.318851   -0.202154
    5.379636    0.635393    0.277985    0.155845    0.236254    0.959111   -0.807010    0.325395   -0.185467
    5.415712    0.633056    0.288536    0.152279    0.228844    0.961478   -0.793174    0.331336   -0.168822
    5.451098    0.630462    0.298898    0.148702    0.221516    0.963752   -0.779708    0.336532   -0.152247
    5.485781    0.627624    0.309062    0.145120    0.214267    0.965934   -0.766879    0.340748   -0.135774
    5.519741    0.624552    0.319012    0.141541    0.207092    0.968028   -0.755114    0.343611   -0.119444
    5.552945    0.621258    0.328723    0.137978    0.199981    0.970035   -0.745015    0.344588   -0.103307
    5.597296    0.616264    0.338492    0.134454    0.192929    0.971956   -0.734613    0.342478   -0.086209
    5.640844    0.611093    0.347863    0.130997    0.185924    0.973792   -0.727175    0.337312   -0.069378
    5.683564    0.605749    0.356824    0.127637    0.178938    0.975545   -0.722926    0.328857   -0.052836
    5.725461    0.600228    0.365378    0.124401    0.171945    0.977219   -0.721622    0.317281   -0.036577
    5.766559    0.594525    0.373543    0.121318    0.164919    0.978817   -0.722693    0.303041   -0.020576
    5.806895    0.588634    0.381335    0.118407    0.157842    0.980339   -0.725475    0.286683   -0.004801
    5.846508    0.582550    0.388770    0.115686    0.150703    0.981786   -0.729372    0.268705    0.010771
    5.898490    0.574970    0.396393    0.112946    0.143803    0.983139   -0.670904    0.294957    0.031236
    5.949862    0.567441    0.403644    0.109983    0.137430    0.984386   -0.615836    0.318849    0.051243
    6.000634    0.559971    0.410551    0.106816    0.131557    0.985536   -0.563869    0.340595    0.070807
    6.050814    0.552565    0.417140    0.103462    0.126157    0.986600   -0.514771    0.360359    0.089938
    6.100409    0.545229    0.423430    0.099937    0.121206    0.987583   -0.468354    0.378266    0.108646
    6.149423    0.537969    0.429441    0.096259    0.116681    0.988493   -0.424457    0.394419    0.126938
    6.197858    0.530789    0.435190    0.092441    0.112563    0.989334   -0.382941    0.408905    0.144822
    6.245407    0.523705    0.441211    0.088555    0.108769    0.990114   -0.355973    0.410379    0.161963
    6.292398    0.516652    0.446946    0.084671    0.105223    0.990837   -0.330481    0.410605    0.178767
    6.338838    0.509632    0.452404    0.080798    0.101913    0.991506   -0.306372    0.409648    0.195238
    6.384732    0.502648    0.457591    0.076949    0.098828    0.992124   -0.283564    0.407571    0.211378
    6.430088    0.495700    0.462512    0.073132    0.095958    0.992694   -0.261977    0.404433    0.227190
    6.474913    0.488789    0.467174    0.069358    0.093292    0.993219   -0.241537    0.400292    0.242677
    6.519217    0.481914    0.471582    0.065636    0.090820    0.993701   -0.222171    0.395205    0.257840
    6.558165    0.475394    0.473733    0.061976    0.088475    0.994148   -0.215977    0.388786    0.269951
    6.596618    0.468868    0.475742    0.058385    0.086191    0.994566   -0.209977    0.381912    0.281848
    6.634585    0.462337    0.477607    0.054867    0.083968    0.994956   -0.204147    0.374615    0.293527
    6.672077    0.455800    0.479328    0.051425    0.081806    0.995320   -0.198462    0.366928    0.304983
    6.709104    0.449258    0.480906    0.048063    0.079704    0.995658   -0.192901    0.358885    0.316213
    6.745678    0.442712    0.482341    0.044783    0.077661    0.995973   -0.187441    0.350518    0.327213
    6.781810    0.436161    0.483634    0.041590    0.075677    0.996264   -0.182064    0.341860    0.337978
    6.823694    0.429216    0.486325    0.038539    0.073738    0.996532   -0.179555    0.322033    0.350179
    6.865138    0.422256    0.488747    0.035688    0.071829    0.996778   -0.176934    0.301997    0.362137
    6.906161    0.415281    0.490902    0.033039    0.069952    0.997002   -0.174186    0.281800    0.373847
    6.946783    0.408293    0.492792    0.030592    0.068109    0.997208   -0.171292    0.261491    0.385304
    6.987025    0.401292    0.494419    0.028349    0.066301    0.997396   -0.168240    0.241116    0.396506
    7.026907    0.394279    0.495784    0.026308    0.064529    0.997568   -0.165017    0.220724    0.407446
    7.066451    0.387256    0.496891    0.024471    0.062795    0.997726   -0.161612    0.200359    0.418122
    7.095057    0.380800    0.495161    0.022720    0.061148    0.997869   -0.148536    0.202896    0.425847
    7.123479    0.374377    0.493409    0.020943    0.059635    0.998000   -0.135871    0.205359    0.433270
    7.151721    0.367988    0.491636    0.019138    0.058253    0.998118   -0.123595    0.207757    0.440391
    7.179785    0.361636    0.489845    0.017309    0.056999    0.998223   -0.111686    0.210097    0.447210
    7.207672    0.355321    0.488039    0.015454    0.055868    0.998318   -0.100126    0.212388    0.453726
    7.235386    0.349044    0.486221    0.013575    0.054858    0.998401   -0.088897    0.214635    0.459941
    7.262927    0.342808    0.484392    0.011673    0.053967    0.998474   -0.077981    0.216846    0.465854
    7.299324    0.336221    0.485298    0.009834    0.053191    0.998535   -0.067415    0.201858    0.474820
    7.335425    0.329671    0.485994    0.008147    0.052526    0.998586   -0.057118    0.186839    0.483448
    7.371249    0.323159    0.486484    0.006611    0.051970    0.998626   -0.047067    0.171829    0.491739
    7.406815    0.316686    0.486771    0.005226    0.051520    0.998658   -0.037240    0.156867    0.499693
    7.442139    0.310254    0.486860    0.003992    0.051173    0.998681   -0.027617    0.141989    0.507314
    7.477241    0.303863    0.486755    0.002909    0.050927    0.998697   -0.018181    0.127232    0.514602
    7.493583    0.298197    0.482908    0.001899    0.050713    0.998711   -0.022224    0.127563    0.515746
    7.510015    0.292523    0.479101    0.000882    0.050466    0.998725   -0.025538    0.128417    0.516697
    7.526531    0.286847    0.475337   -0.000146    0.050196    0.998739   -0.028172    0.129772    0.517446
    7.543125    0.281175    0.471617   -0.001192    0.049907    0.998752   -0.030176    0.131607    0.517988
    7.559791    0.275509    0.467943   -0.002260    0.049607    0.998765   -0.031593    0.133900    0.518316
    7.576521    0.269857    0.464315   -0.003354    0.049301    0.998778   -0.032466    0.136632    0.518424
    7.593309    0.264221    0.460734   -0.004479    0.048995    0.998788   -0.032836    0.139782    0.518308
    7.622285    0.258195    0.459889   -0.005515    0.048639    0.998800   -0.043464    0.118482    0.520841
    7.651100    0.252146    0.458862   -0.006342    0.048188    0.998817   -0.052917    0.097814    0.523179
    7.679774    0.246080    0.457656   -0.006967    0.047652    0.998839   -0.061257    0.077803    0.525310
    7.708330    0.240001    0.456273   -0.007398    0.047041    0.998865   -0.068547    0.058469    0.527226
    7.736786    0.233914    0.454716   -0.007641    0.046363    0.998895   -0.074845    0.039833    0.528917
    7.765165    0.227822    0.452988   -0.007706    0.045629    0.998928   -0.080209    0.021912    0.530373
    7.793487    0.221731    0.451092   -0.007598    0.044845    0.998964   -0.084694    0.004726    0.531586
    7.826012    0.215548    0.449024   -0.007352    0.044081    0.999000   -0.076228   -0.006424    0.533808
    7.858495    0.209420    0.446817   -0.007000    0.043400    0.999032   -0.067813   -0.017035    0.535689
    7.890952    0.203349    0.444476   -0.006548    0.042801    0.999061   -0.059449   -0.027094    0.537230
    7.923396    0.197337    0.442007   -0.006001    0.042283    0.999087   -0.051136   -0.036586    0.538432
    7.955841    0.191387    0.439416   -0.005364    0.041844    0.999109   -0.042874   -0.045500    0.539295
    7.988301    0.185500    0.436708   -0.004642    0.041483    0.999128   -0.034663   -0.053824    0.539821
    8.020786    0.179680    0.433890   -0.003842    0.041201    0.999143   -0.026503   -0.061546    0.540012
    8.030062    0.174353    0.425364   -0.003061    0.040850    0.999160   -0.047074   -0.050610    0.530219
    8.040139    0.169024    0.416988   -0.002403    0.040300    0.999184   -0.065451   -0.038169    0.520398
    8.050992    0.163705    0.408774   -0.001884    0.039574    0.999214   -0.081620   -0.024151    0.510541
    8.062602    0.158408    0.400735   -0.001522    0.038696    0.999249   -0.095477   -0.008409    0.500648
    8.074954    0.153145    0.392891   -0.001336    0.037690    0.999288   -0.106811    0.009294    0.490722
    8.088038    0.147929    0.385269   -0.001346    0.036584    0.999329   -0.115288    0.029302    0.480776
    8.101851    0.142773    0.377902   -0.001579    0.035410    0.999371   -0.120472    0.052053    0.470829
    8.135970    0.137405    0.376239   -0.001953    0.034307    0.999409   -0.102144    0.055733    0.469614
    8.169988    0.132145    0.374565   -0.002372    0.033386    0.999439   -0.084233    0.059804    0.468012
    8.203904    0.126996    0.372886   -0.002837    0.032644    0.999462   -0.066691    0.064284    0.466031
    8.237717    0.121961    0.371210   -0.003353    0.032078    0.999479   -0.049474    0.069184    0.463681
    8.271426    0.117042    0.369543   -0.003924    0.031685    0.999489   -0.032542    0.074514    0.460969
    8.305028    0.112243    0.367892   -0.004552    0.031463    0.999494   -0.015862    0.080278    0.457906
    8.338519    0.107566    0.366262   -0.005242    0.031409    0.999492    0.000592    0.086474    0.454498
    8.377242    0.102928    0.364995   -0.005921    0.031460    0.999487    0.004590    0.078136    0.450942
    8.415808    0.098377    0.363626   -0.006522    0.031556    0.999480    0.009216    0.070575    0.447139
    8.454231    0.093917    0.362163   -0.007053    0.031704    0.999472    0.014479    0.063844    0.443090
    8.492524    0.089552    0.360614   -0.007520    0.031910    0.999462    0.020385    0.057990    0.438798
    8.530698    0.085285    0.358988   -0.007935    0.032180    0.999450    0.026936    0.053051    0.434266
    8.568762    0.081120    0.357294   -0.008305    0.032520    0.999436    0.034129    0.049061    0.429496
    8.606726    0.077061    0.355542   -0.008639    0.032935    0.999419    0.041955    0.046045    0.424491
    8.644834    0.073097    0.353573   -0.008923    0.033389    0.999402    0.041582    0.038867    0.418535
    8.682874    0.069222    0.351529   -0.009141    0.033846    0.999384    0.042612    0.033061    0.412428
    8.720855    0.065443    0.349421   -0.009309    0.034320    0.999367    0.044975    0.028635    0.406166
    8.758786    0.061763    0.347261   -0.009439    0.034824    0.999348    0.048590    0.025577    0.399747
    8.796669    0.058189    0.345061   -0.009546    0.035371    0.999328    0.053363    0.023857    0.393165
    8.834506    0.054723    0.342831   -0.009642    0.035970    0.999306    0.059187    0.023427    0.386416
    8.872296    0.051372    0.340583   -0.009740    0.036631    0.999281    0.065946    0.024222    0.379499
    8.915830    0.048091    0.338233   -0.009809    0.037316    0.999255    0.063970    0.017664    0.372102
    8.959295    0.044906    0.335806   -0.009821    0.037988    0.999229    0.063504    0.012566    0.364608
    9.002697    0.041821    0.333313   -0.009788    0.038661    0.999204    0.064384    0.008857    0.357007
    9.046035    0.038839    0.330763   -0.009726    0.039348    0.999177    0.066435    0.006449    0.349291
    9.089309    0.035965    0.328166   -0.009646    0.040060    0.999150    0.069483    0.005241    0.341451
    9.132515    0.033202    0.325531   -0.009561    0.040805    0.999121    0.073351    0.005126    0.333482
    9.175647    0.030552    0.322863   -0.009480    0.041591    0.999089    0.077871    0.005990    0.325378
    9.218530    0.027989    0.320680   -0.009419    0.042278    0.999061    0.053866    0.008834    0.313867
    9.261290    0.025485    0.318487   -0.009392    0.042734    0.999042    0.032035    0.012016    0.302430
    9.303921    0.023042    0.316284   -0.009402    0.042981    0.999031    0.012160    0.015488    0.291052
    9.346418    0.020665    0.314073   -0.009453    0.043038    0.999028   -0.005959    0.019202    0.279718
    9.388773    0.018356    0.311852   -0.009546    0.042920    0.999032   -0.022507    0.023117    0.268415
    9.430981    0.016119    0.309622   -0.009685    0.042644    0.999043   -0.037654    0.027193    0.257134
    9.473036    0.013955    0.307384   -0.009871    0.042222    0.999059   -0.051553    0.031396    0.245866
    9.516213    0.011874    0.305397   -0.010111    0.041710    0.999078   -0.055645    0.037029    0.235715
    9.559207    0.009887    0.303409   -0.010413    0.041159    0.999098   -0.059478    0.042556    0.225484
    9.602012    0.007993    0.301417   -0.010776    0.040569    0.999118   -0.063106    0.047966    0.215176
    9.644623    0.006193    0.299420   -0.011197    0.039944    0.999138   -0.066576    0.053247    0.204798
    9.687035    0.004487    0.297418   -0.011676    0.039285    0.999159   -0.069930    0.058392    0.194355
    9.729243    0.002876    0.295409   -0.012211    0.038593    0.999180   -0.073204    0.063396    0.183854
    9.768542    0.001373    0.293311   -0.012767    0.037953    0.999197   -0.059152    0.061725    0.175750
    9.807606   -0.000010    0.291148   -0.013312    0.037451    0.999209   -0.045990    0.060248    0.167500
    9.846485   -0.001273    0.288924   -0.013847    0.037075    0.999216   -0.033967    0.059066    0.159081
    9.885180   -0.002419    0.286643   -0.014375    0.036813    0.999218   -0.023029    0.058168    0.150514
    9.923695   -0.003451    0.284308   -0.014899    0.036655    0.999216   -0.013126    0.057541    0.141817
    9.962032   -0.004369    0.281921   -0.015422    0.036590    0.999211   -0.004209    0.057175    0.133012
   10.000193   -0.005176    0.279486   -0.015945    0.036608    0.999202    0.003767    0.057060    0.124118
   10.044283   -0.005881    0.276791   -0.016428    0.036661    0.999192    0.002919    0.048537    0.114934
   10.088192   -0.006498    0.273969   -0.016833    0.036704    0.999184    0.001935    0.040715    0.105762
   10.131930   -0.007030    0.271031   -0.017167    0.036735    0.999177    0.000787    0.033583    0.096611
   10.175508   -0.007476    0.267981   -0.017436    0.036752    0.999172   -0.000547    0.027133    0.087490
   10.218934   -0.007840    0.264829   -0.017647    0.036754    0.999168   -0.002090    0.021352    0.078409
   10.262216   -0.008121    0.261582   -0.017807    0.036737    0.999166   -0.003858    0.016229    0.069377
   10.305363   -0.008323    0.258247   -0.017922    0.036701    0.999165   -0.005868    0.011749    0.060404
   10.347099   -0.008644    0.254643   -0.018017    0.036648    0.999165   -0.006842    0.011711    0.061136
   10.388700   -0.008979    0.251002   -0.018113    0.036585    0.999166   -0.008066    0.012197    0.062051
   10.430188   -0.009327    0.247332   -0.018216    0.036509    0.999167   -0.009563    0.013115    0.062986
   10.471564   -0.009689    0.243641   -0.018330    0.036416    0.999168   -0.011336    0.014437    0.063939
   10.512825   -0.010064    0.239934   -0.018459    0.036304    0.999170   -0.013387    0.016132    0.064908
   10.553969   -0.010455    0.236216   -0.018607    0.036171    0.999172   -0.015725    0.018163    0.065891
   10.594994   -0.010861    0.232491   -0.018776    0.036014    0.999174   -0.018359    0.020492    0.066886
   10.640721   -0.011067    0.229607   -0.018966    0.035848    0.999177   -0.017403    0.022069    0.058385
   10.686269   -0.011192    0.226702   -0.019175    0.035686    0.999178   -0.017151    0.023742    0.049911
   10.731636   -0.011239    0.223777   -0.019405    0.035522    0.999180   -0.017582    0.025494    0.041478
   10.776819   -0.011210    0.220835   -0.019655    0.035348    0.999181   -0.018676    0.027303    0.033101
   10.821817   -0.011108    0.217878   -0.019927    0.035159    0.999182   -0.020422    0.029148    0.024793
   10.866628   -0.010937    0.214908   -0.020220    0.034948    0.999184   -0.022814    0.030998    0.016570
   10.911250   -0.010697    0.211926   -0.020535    0.034708    0.999186   -0.025849    0.032822    0.008442
   10.955787   -0.010385    0.208930   -0.020898    0.034487    0.999186   -0.018836    0.040141    0.001132
   11.000124   -0.009996    0.205974   -0.021335    0.034327    0.999182   -0.013444    0.047049   -0.006158
   11.044255   -0.009535    0.203056   -0.021841    0.034211    0.999175   -0.009590    0.053515   -0.013405
   11.088170   -0.009004    0.200171   -0.022412    0.034124    0.999166   -0.007200    0.059503   -0.020588
   11.131862   -0.008408    0.197316   -0.023043    0.034053    0.999154   -0.006208    0.064981   -0.027686
   11.175325   -0.007751    0.194487   -0.023728    0.033983    0.999140   -0.006553    0.069919   -0.034679
   11.218552   -0.007037    0.191679   -0.024461    0.033901    0.999125   -0.008180    0.074290   -0.041550
   11.261553   -0.006259    0.188906   -0.025253    0.033898    0.999105    0.009199    0.080998   -0.046465
   11.304307   -0.005412    0.186172   -0.026109    0.034052    0.999078    0.023612    0.086935   -0.051425
   11.346806   -0.004500    0.183471   -0.027022    0.034334    0.999044    0.035284    0.092101   -0.056391
   11.389046   -0.003529    0.180796   -0.027985    0.034718    0.999004    0.044426    0.096502   -0.061330
   11.431022   -0.002503    0.178142   -0.028990    0.035179    0.998960    0.051239    0.100157   -0.066208
   11.472731   -0.001427    0.175503   -0.030031    0.035696    0.998911    0.055917    0.103091   -0.070995
   11.514172   -0.000307    0.172875   -0.031098    0.036247    0.998858    0.058649    0.105340   -0.075663
   11.556566    0.000848    0.170541   -0.032123    0.036810    0.998805    0.058696    0.094173   -0.079172
   11.598692    0.002027    0.168092   -0.033039    0.037365    0.998755    0.057500    0.083254   -0.082506
   11.640562    0.003227    0.165534   -0.033848    0.037900    0.998707    0.055143    0.072598   -0.085650
   11.682186    0.004443    0.162875   -0.034555    0.038405    0.998664    0.051719    0.062229   -0.088590
   11.723576    0.005671    0.160122   -0.035160    0.038869    0.998625    0.047326    0.052178   -0.091314
   11.764745    0.006908    0.157283   -0.035669    0.039283    0.998591    0.042073    0.042488   -0.093808
   11.805702    0.008150    0.154368   -0.036084    0.039639    0.998562    0.036072    0.033206   -0.096063
   11.846620    0.009134    0.151464   -0.036370    0.039894    0.998541    0.021528    0.017100   -0.084463
   11.887347    0.009974    0.148438   -0.036496    0.040010    0.998532    0.007505    0.001968   -0.072658
   11.927900    0.010671    0.145306   -0.036471    0.039993    0.998533   -0.005987   -0.012157   -0.060673
   11.968294    0.011224    0.142083   -0.036305    0.039848    0.998545   -0.018931   -0.025244   -0.048536
   12.008544    0.011634    0.138787   -0.036009    0.039581    0.998567   -0.031305   -0.037265   -0.036275
   12.048664    0.011901    0.135433   -0.035593    0.039198    0.998597   -0.043087   -0.048198   -0.023917
   12.088664    0.012027    0.132037   -0.035069    0.038706    0.998634   -0.054259   -0.058030   -0.011490
   12.128915    0.012283    0.128669   -0.034459    0.038201    0.998675   -0.046235   -0.064962   -0.012098
   12.169063    0.012549    0.125302   -0.033784    0.037769    0.998714   -0.039610   -0.070901   -0.012749
   12.209115    0.012824    0.121947   -0.033055    0.037397    0.998753   -0.034202   -0.075862   -0.013425
   12.249074    0.013107    0.118618   -0.032282    0.037074    0.998790   -0.029852   -0.079869   -0.014109
   12.288945    0.013396    0.115326   -0.031473    0.036789    0.998827   -0.026418   -0.082955   -0.014786
   12.328729    0.013690    0.112080   -0.030639    0.036534    0.998862   -0.023778   -0.085159   -0.015443
   12.368634    0.013913    0.108973   -0.029776    0.036318    0.998896   -0.018786   -0.088345   -0.011377
   12.408453    0.014097    0.105910   -0.028885    0.036149    0.998928   -0.014582   -0.090638   -0.007352
   12.448189    0.014244    0.102902   -0.027973    0.036020    0.998959   -0.011065   -0.092090   -0.003367
   12.487841    0.014352    0.099955   -0.027050    0.035924    0.998988   -0.008142   -0.092758    0.000579
   12.527411    0.014423    0.097078   -0.026122    0.035856    0.999015   -0.005736   -0.092700    0.004485
   12.566899    0.014456    0.094276   -0.025197    0.035810    0.999040   -0.003773   -0.091977    0.008351
   12.606304    0.014452    0.091555   -0.024280    0.035784    0.999064   -0.002192   -0.090647    0.012174
   12.645952    0.014444    0.088988   -0.023342    0.035778    0.999086    0.000320   -0.096088    0.014447
   12.685517    0.014415    0.086442   -0.022353    0.035795    0.999108    0.002441   -0.100583    0.016676
   12.725004    0.014366    0.083925   -0.021323    0.035833    0.999130    0.004217   -0.104192    0.018861
   12.764415    0.014297    0.081446   -0.020260    0.035887    0.999150    0.005691   -0.106977    0.021002
   12.803754    0.014208    0.079013   -0.019173    0.035954    0.999169    0.006901   -0.108998    0.023099
   12.843023    0.014101    0.076631   -0.018068    0.036033    0.999187    0.007883   -0.110316    0.025151
   12.882222    0.013974    0.074307   -0.016952    0.036120    0.999203    0.008668   -0.110991    0.027156
   12.921651    0.013885    0.072159   -0.015829    0.036131    0.999221   -0.006976   -0.111943    0.024876
   12.961012    0.013806    0.070066   -0.014699    0.035994    0.999243   -0.021091   -0.112323    0.022770
   13.000306    0.013735    0.068030   -0.013569    0.035721    0.999269   -0.033832   -0.112184    0.020824
   13.039533    0.013672    0.066054   -0.012444    0.035327    0.999298   -0.045335   -0.111580    0.019023
   13.078693    0.013615    0.064141   -0.011327    0.034824    0.999329   -0.055723   -0.110563    0.017356
   13.117787    0.013564    0.062292   -0.010223    0.034221    0.999361   -0.065106   -0.109180    0.015810
   13.156815    0.013517    0.060508   -0.009135    0.033529    0.999395   -0.073583   -0.107480    0.014377
   13.196113    0.013489    0.058958   -0.008056    0.032863    0.999427   -0.060184   -0.107450    0.014043
   13.235346    0.013468    0.057445   -0.006979    0.032323    0.999452   -0.048224   -0.107059    0.013570
   13.274514    0.013456    0.055972   -0.005908    0.031896    0.999473   -0.037549   -0.106346    0.012977
   13.313619    0.013454    0.054540   -0.004846    0.031570    0.999489   -0.028020   -0.105349    0.012282
   13.352659    0.013461    0.053149   -0.003796    0.031334    0.999501   -0.019511   -0.104102    0.011499
   13.391636    0.013479    0.051802   -0.002759    0.031178    0.999509   -0.011910   -0.102640    0.010643
   13.430548    0.013509    0.050498   -0.001738    0.031094    0.999514   -0.005117   -0.100995    0.009729
   13.469532    0.013525    0.049298   -0.000727    0.031078    0.999516    0.001905   -0.100604    0.010386
   13.508453    0.013538    0.048125    0.000279    0.031130    0.999515    0.008225   -0.100005    0.010975
   13.547311    0.013549    0.046980    0.001278    0.031241    0.999510    0.013922   -0.099224    0.011503
   13.586107    0.013557    0.045865    0.002269    0.031406    0.999503    0.019065   -0.098285    0.011977
   13.624841    0.013564    0.044779    0.003250    0.031620    0.999494    0.023718   -0.097212    0.012404
   13.663513    0.013570    0.043724    0.004220    0.031878    0.999482    0.027937   -0.096027    0.012788
   13.702123    0.013575    0.042698    0.005178    0.032176    0.999468    0.031770   -0.094749    0.013136
   13.740789    0.013572    0.041764    0.006122    0.032515    0.999452    0.036243   -0.093326    0.014094
   13.779393    0.013563    0.040856    0.007052    0.032897    0.999433    0.040325   -0.091869    0.015004
   13.817936    0.013550    0.039974    0.007968    0.033318    0.999412    0.044061   -0.090393    0.015869
   13.856416    0.013531    0.039116    0.008869    0.033774    0.999389    0.047491   -0.088909    0.016694
   13.894834    0.013509    0.038282    0.009756    0.034263    0.999364    0.050652   -0.087430    0.017481
   13.933188    0.013483    0.037470    0.010629    0.034783    0.999338    0.053574   -0.085967    0.018233
   13.971479    0.013454    0.036680    0.011487    0.035330    0.999309    0.056287   -0.084528    0.018952
   14.009809    0.013423    0.035979    0.012321    0.035888    0.999279    0.056002   -0.081071    0.019505
   14.048074    0.013389    0.035312    0.013122    0.036445    0.999249    0.055876   -0.077823    0.020063
   14.086273    0.013353    0.034674    0.013892    0.037000    0.999218    0.055894   -0.074784    0.020622
   14.124404    0.013315    0.034064    0.014633    0.037556    0.999187    0.056042   -0.071957    0.021182
   14.162465    0.013274    0.033478    0.015347    0.038114    0.999155    0.056307   -0.069339    0.021739
   14.200455    0.013231    0.032913    0.016036    0.038675    0.999122    0.056677   -0.066926    0.022293
   14.238373    0.013186    0.032366    0.016702    0.039240    0.999089    0.057141   -0.064716    0.022841
   14.276329    0.013141    0.031899    0.017343    0.039793    0.999057    0.054481   -0.061861    0.023215
   14.314211    0.013093    0.031450    0.017957    0.040322    0.999025    0.052272   -0.059279    0.023619
   14.352017    0.013044    0.031015    0.018547    0.040830    0.998993    0.050464   -0.056958    0.024048
   14.389746    0.012993    0.030591    0.019116    0.041323    0.998962    0.049010   -0.054888    0.024496
   14.427397    0.012940    0.030176    0.019665    0.041801    0.998932    0.047870   -0.053056    0.024959
   14.464967    0.012885    0.029767    0.020197    0.042270    0.998901    0.047007   -0.051451    0.025433
   14.502456    0.012827    0.029362    0.020715    0.042731    0.998871    0.046388   -0.050058    0.025912
   14.539939    0.012769    0.029070    0.021178    0.043139    0.998844    0.036580   -0.040502    0.025779
   14.577336    0.012711    0.028845    0.021549    0.043455    0.998822    0.028072   -0.031800    0.025763
   14.614642    0.012652    0.028675    0.021838    0.043692    0.998806    0.020715   -0.023924    0.025848
   14.651851    0.012590    0.028551    0.022052    0.043861    0.998793    0.014377   -0.016843    0.026018
   14.688959    0.012524    0.028462    0.022200    0.043971    0.998785    0.008943   -0.010523    0.026261
   14.725960    0.012455    0.028400    0.022288    0.044031    0.998781    0.004306   -0.004927    0.026565
   14.762850    0.012381    0.028358    0.022324    0.044048    0.998779    0.000374   -0.000016    0.026917
   14.762627    0.012344    0.028360    0.022336    0.044046    0.998779    0.000468    0.000048    0.026867
   14.762406    0.012308    0.028363    0.022347    0.044045    0.998779    0.000553    0.000107    0.026806
   14.762186    0.012272    0.028366    0.022357    0.044045    0.998779    0.000629    0.000163    0.026735
   14.761969    0.012237    0.028370    0.022367    0.044045    0.998778    0.000698    0.000214    0.026653
   14.761753    0.012204    0.028374    0.022376    0.044047    0.998778    0.000760    0.000261    0.026563
   14.761538    0.012172    0.028378    0.022385    0.044049    0.998778    0.000815    0.000304    0.026463
   14.761325    0.012141    0.028385    0.022394    0.044051    0.998777    0.000861    0.000349    0.026352
   14.761114    0.012111    0.028392    0.022402    0.044054    0.998777    0.000902    0.000388    0.026233
   14.760904    0.012083    0.028399    0.022409    0.044057    0.998777    0.000939    0.000423    0.026108
   14.760696    0.012056    0.028406    0.022416    0.044061    0.998777    0.000972    0.000453    0.025976
   14.760489    0.012031    0.028413    0.022423    0.044065    0.998776    0.001002    0.000478    0.025839
   14.760284    0.012008    0.028420    0.022429    0.044070    0.998776    0.001028    0.000499    0.025696
   14.760081    0.011986    0.028428    0.022436    0.044074    0.998776    0.001051    0.000517    0.025550
   14.759878    0.011965    0.028435    0.022442    0.044079    0.998775    0.001070    0.000531    0.025399
   14.759678    0.011947    0.028441    0.022447    0.044084    0.998775    0.001087    0.000542    0.025246
   14.759478    0.011929    0.028448    0.022453    0.044089    0.998774    0.001101    0.000550    0.025089
   14.759280    0.011914    0.028455    0.022459    0.044095    0.998774    0.001112    0.000555    0.024931
   14.759084    0.011900    0.028461    0.022464    0.044100    0.998774    0.001121    0.000558    0.024770
   14.758888    0.011888    0.028467    0.022469    0.044106    0.998773    0.001128    0.000560    0.024609
   14.758694    0.011878    0.028473    0.022475    0.044112    0.998773    0.001132    0.000559    0.024448
   14.758502    0.011870    0.028479    0.022480    0.044118    0.998773    0.001134    0.000557    0.024286
   14.758311    0.011863    0.028485    0.022485    0.044124    0.998772    0.001133    0.000553    0.024125
   14.758121    0.011857    0.028490    0.022490    0.044130    0.998772    0.001131    0.000549    0.023965
   14.757932    0.011854    0.028496    0.022495    0.044135    0.998772    0.001127    0.000543    0.023807
   14.757744    0.011852    0.028501    0.022500    0.044141    0.998771    0.001121    0.000537    0.023651
   14.757558    0.011851    0.028506    0.022505    0.044147    0.998771    0.001113    0.000530    0.023497
   14.757373    0.011852    0.028510    0.022510    0.044153    0.998770    0.001103    0.000522    0.023345
   14.757189    0.011855    0.028515    0.022515    0.044159    0.998770    0.001092    0.000515    0.023198
   14.757007    0.011859    0.028519    0.022520    0.044164    0.998770    0.001080    0.000507    0.023053
   14.756826    0.011864    0.028523    0.022526    0.044170    0.998769    0.001066    0.000498    0.022913
   14.756646    0.011871    0.028528    0.022531    0.044175    0.998769    0.001050    0.000490    0.022778
   14.756467    0.011879    0.028531    0.022536    0.044181    0.998769    0.001034    0.000482    0.022646
   14.756290    0.011888    0.028535    0.022541    0.044186    0.998768    0.001016    0.000474    0.022520
   14.756113    0.011898    0.028539    0.022546    0.044191    0.998768    0.000997    0.000466    0.022399
   14.755938    0.011910    0.028542    0.022552    0.044196    0.998768    0.000978    0.000458    0.022284
   14.755764    0.011922    0.028546    0.022557    0.044200    0.998767    0.000957    0.000450    0.022174
   14.755592    0.011936    0.028549    0.022562    0.044205    0.998767    0.000936    0.000443    0.022070
   14.755420    0.011950    0.028552    0.022568    0.044209    0.998767    0.000914    0.000436    0.021973
   14.755250    0.011966    0.028555    0.022573    0.044213    0.998766    0.000892    0.000429    0.021881
   14.755081    0.011982    0.028558    0.022578    0.044217    0.998766    0.000868    0.000423    0.021796
   14.754913    0.011999    0.028561    0.022584    0.044221    0.998766    0.000845    0.000417    0.021718
